0.005782825
0.010198136
0.012344126
-0.009237942
0.014258743
0.003381289
-0.000842857
0.005277992
-0.00488115
-0.007703652
-0.024660329
-0.00407892
-0.004553304
0.007294698
-0.011180905
-0.003145276
0.009259894
0.001136968
-0.011061938
-0.000555009
-0.000111087
-0.00609762
0.000956658
0.001403033
-0.002303359
0.004538826
-0.002908358
-0.005023412
-0.003648597
0.009008584
0.010416032
0.000984299
-0.001970834
0.004367549
-0.007616993
0.002810264
-0.009270778
-0.000673847
0.003749006
-0.003468109
-0.003552646
0.005793304
-0.003703309
0.004652099
-0.012441578
-0.002012623
-0.000980935
0.018490627
0.003034143
0.018616239
5.26641E-05
-0.002482142
0.001057965
0.014035873
-0.013771784
0.006290434
-0.010002376
-0.000532877
-0.003211064
-0.013197809
0.001658036
0.014804154
0.00239252
-0.005979318
-0.001723607
-0.002164173
-0.007439916
0.001652149
-0.001431499
0.007219266
0.014508054
0.00047186
0.007171712
-0.004663749
0.011668238
0.000608185
-0.002794534
-0.006781173
0.006373193
0.002746455
-0.00387038
0.005034912
0.008412747
-0.005238839
0.004941173
-0.004138781
-0.003168028
0.007505276
0.007133856
0.004755982
-0.006222369
0.005836072
-0.004418485
-0.012576209
-0.003429588
0.00207108
-0.000504231
-0.00415693
0.012204742
-0.00059472
-0.001042724
0.003367409
-0.003516574
-0.017815804
0.002222253
-0.012286008
-0.009922566
0.010452516
-0.001538642
0.011848943
-0.000103453
-0.006252698
0.009088707
-0.001029134
0.002055836
-0.000769798
0.001896374
-0.008991069
0.002343181
-0.005960793
0.009683783
-0.004814901
-0.004816237
0.005700377
0.005934134
-0.004067759
0.010932007
0.000806396
-0.0039454
-0.00737934
0.00442217
0.002703034
0.005155191
0.00150466
-0.017418036
0.002027838
-0.006375271
-0.003435265
0.002381151
-0.004188942
0.010735561
-0.00528199
-0.003911161
-0.004482804
0.00155287
0.00010689
-0.000748784
-0.006906556
-0.000544229
0.005089024
0.001021427
0.000751096
0.002618654
-0.001654864
0.001921188
0.001222991
0.009090277
-0.003497973
0.001047124
-0.001047124
0.000628577
-0.00531914
0.002851999
-0.002640096
-0.000529951
0.00058291
0.01941796
0.002876969
0.007876539
-0.004768694
0.010608118
0.001556961
-0.007742338
0.000395352
0.00383594
-0.001029425
0.008745458
0.001632327
0.006515847
0.00600071
-0.00888986
-0.00023767
-0.009323488
4.85761E-05
-0.001752171
0.001946421
-0.005472114
0.009819926
-0.001299779
0.002691519
0.002579691
0.002469748
0.00452296
-0.00098538
0.001032248
0.002476749
-0.002242489
9.36686E-05
-0.01651291
-0.000243289
-0.001120886
-0.000341714
-0.002301357
-0.001524618
0.001328194
0.000490895
0.006718286
-0.002713744
-0.00107077
0.001750798
0.000969624
-0.00262297
-0.003178435
0.004151753
-0.005282025
0.008237245
-0.002858008
0.006416242
0.0019113
-0.004023491
-0.002170874
-0.004130384
0.002191566
-0.004934385
0.001177615
0.005017985
-0.001115504
0.002324767
0.003032492
0.002248624
-0.001242481
-0.002158883
0.005353467
-0.00372132
0.002674941
-0.002722858
0.005239414
0.003160578
0.00145461
-0.002819799
0.008728658
-0.002688564
-0.003126616
0.001915974
0.001164142
-0.002799201
-0.002440654
0.002955193
0.002888784
-0.004152834
0.000234361
-0.005327676
0.007058029
4.66707E-05
-0.00130868
0.001215334
-0.008627246
0.001615893
-0.008865906
0.002943399
0.017484405
0.005963787
0.008035196
0.002675334
-0.000845407
0.001733535
0.008565377
-0.004591125
-0.006287174
0.002800619
0.005372602
0.000699699
0.002657309
0.000824377
-0.00580377
0.0003513
4.38925E-05
0.002887142
0.001523307
-0.002876999
0.001789468
-0.001483426
-0.004171929
-0.002744506
-0.002181382
-0.006067233
0.003740251
-0.001123195
0.001123195
-0.001303177
0.002423475
-0.00098571
8.97025E-05
-0.0020228
0.000270252
-0.008457007
-0.000275568
-0.00680661
-0.008720592
0.009839188
-0.006944355
0.002969627
0.00439346
-0.002518467
-0.005791621
-0.002853456
0.001429072
0.002134829
0.002924235
0.001782589
-0.000421531
-0.001690229
-0.002263921
0.002499069
0.008519959
-9.22167E-05
-0.002219095
-0.002883216
0.000186593
0.002881982
-0.003255247
0.003069889
-0.001160285
-0.00547172
-0.001603086
-0.006136691
0.002912656
-0.00248169
0.002576856
-0.004063101
0.003253516
-0.003349577
-0.006436261
-0.004459368
-0.000739477
0.004808642
-0.000195232
-0.002939067
-0.000836365
-0.00649953
0.001247902
-0.001597958
0.001896921
-0.003902673
-0.004445533
0.00268287
0.004967434
0.001842027
-0.001443088
-0.000149559
0.007905465
-0.001717066
0.001178148
0
-0.002310213
-0.000690531
-0.003121048
0.001042844
0.005323994
0.006805739
0.000241101
0.001779996
-0.001876421
0.002260327
-0.000768153
0.000288217
-0.001828611
-0.002757435
0.002564501
0.003699007
-0.003843764
-0.002128662
-0.004093011
-0.002061062
-0.0006892
-0.003214264
-0.002289171
-0.00673806
-0.001777296
-0.00873758
0.001244249
0.001085801
0.005898392
-0.005743499
-0.000568212
0.00134185
0.005224504
0.005363602
-0.005363602
0.003852311
-0.006149495
0.001226677
0.004013512
-0.000151736
0.004629298
0.001498947
-0.001899542
-0.004937508
0.001315432
-0.003958308
-0.008806178
0.000364014
0.007421375
-0.006694261
-0.00774892
0.008889073
0.000568956
0.000103367
0.00559659
-0.0012261
0.001837854
-0.003067425
0.000307719
0.001841751
-0.0019443
0.001280124
-0.00276981
0.001489686
-0.002416896
0.001801094
-0.000925344
0.002974631
0.004525266
0.002923874
0.001604785
-0.001353646
0.001153372
-0.00175635
-0.001258898
-0.001920542
-0.000202657
0.00010134
-0.007203073
-0.002220668
0.002838367
-0.001391062
0.001648178
0.002562822
0.003866752
0.00493579
0.002197952
0.000796505
0.003566307
-0.003069232
-0.003541616
-0.000400872
-0.003169863
-0.005181724
-0.001023315
0.000358434
0.005442422
0.01709749
-0.002680989
-0.00353486
-0.003514169
0.005137886
0.002790382
0.004852503
-0.002419474
0.001211422
0.001738532
0.001731601
0.003490248
0.00558312
0.00421058
0.000418821
0
0.001114886
0.005440278
0.00242151
0.002725136
-0.004688723
0.002600983
-0.001640913
-0.002978555
0.003024219
0.000775567
0.000819682
-0.003379741
0.003561682
-0.005768094
0.007492748
-0.000543888
0.00594563
0.00263142
-0.0070378
0.002478471
0.003847298
-0.003757438
-0.000989487
0.003855241
8.92508E-05
0.00053512
-0.005606771
0.001577206
0.002108992
0.002633042
0.000489146
-0.000978843
0.003548902
-0.00053049
0.00053049
0.001235296
-0.003672048
-0.004690292
-0.000899161
-0.001352241
-0.001900239
-0.000453666
-0.003097561
0.00095896
-0.003480603
-0.001612339
0.003676589
-0.008316531
-0.000466732
-0.002904991
-0.002782588
0.001888445
-0.001132081
0.000141672
0.004275558
0.0024709
0.002040687
0.002031143
-0.003514327
0.004480398
9.18947E-05
-0.001841599
-0.006648325
0.000281006
0.002520904
0.001254986
0.003513205
0.001333109
-0.004011667
-0.0022293
-0.004446181
-0.001036166
0.002538916
0.00074943
-0.0010308
0.003364467
-0.001772443
-0.002390231
-0.000188027
-0.00363547
0.002505597
0.001035829
0.00028207
-0.004250415
0.001846956
-0.002464358
-0.003483345
-0.003801394
-0.002812233
0.001117376
-4.85218E-05
0.00492151
0.000862742
0.001624962
-0.002104051
0.000383314
0.003339642
-0.0044906
-0.000576625
-0.003621355
-0.002772568
-0.002741273
-0.004144628
-0.00699684
-0.002273137
-0.006017798
-0.004802306
-0.03761866
-0.000283205
-0.006680268
-0.020439081
0.012014938
0.001054682
0.002334608
0.004747068
0.009228535
-0.006473652
0.002680663
0.000738548
-0.000227112
0.003450616
-0.008994754
-0.001382738
-0.001618778
-0.009841461
-0.000118514
-0.003929216
0.003217452
0.00694886
-0.000292198
0.011935561
0.004526299
-0.004242019
0.000568002
-0.003991705
0.001087096
0.006466042
-0.000225256
-0.008819909
0.007352888
0.002872962
-0.008848411
-0.004550644
0.000231562
-0.001391228
0.000754135
-0.000928352
0.001623316
-0.000926866
0.008100707
0.004248105
-0.003736133
0.000908685
-0.000794995
0.004635835
-0.010357094
-0.008138537
-0.000763517
0.008268089
-0.003299994
-0.003091077
0.002742246
0.000697382
0.005882963
0.008902229
0.010644462
-0.001866048
0.00589994
0.007584009
0.005141522
-0.000210823
-0.003015395
0.009919065
0.004644905
-0.001027916
0.000205778
-0.001236133
-0.000412827
-0.001292621
-0.000362624
-0.001765638
-0.000156137
-0.000625109
0.003892251
-0.004883851
0.001252171
0
0.00072877
-0.007766711
0.003375636
-0.00247642
0.001634968
-0.006363403
0
-0.000802021
0.008531958
-0.000840435
-0.003007336
-0.003775342
-0.001176516
-0.003872852
0.005156166
-0.004292543
0.000431169
-0.005857207
-0.000437026
0.008443678
-0.000214466
-0.000966412
0.003426404
0.000213255
-0.003908489
-0.001454563
-0.002543697
0.001733497
-0.004893204
-0.00400983
-0.006336932
0.003624485
-0.001167683
-0.003297535
0.003241853
0.008328208
0.004672799
-0.00075727
0.001243391
-0.001839317
-0.001575008
-0.000653402
0.004337559
0.004027489
0.010247755
-0.005252144
5.28371E-05
0.000791786
0.001263863
0.004654974
0.003574887
-0.005190626
0.00083468
0.000729032
-0.000572708
-0.002455566
-0.003049538
-0.004721504
0.002446736
-0.001540901
-0.002830334
0.009590739
0.000680754
0.003180131
-0.00239597
-0.001622163
0.005987491
0.002886031
-0.000977041
0.005981901
0.005098419
0.001752906
0.004376301
-0.002381605
0.003468824
0.003979648
0
0.001513478
-4.87396E-05
-0.000975943
0.001511778
-0.002734799
-0.001079115
0.003473005
-0.002051097
-0.00601348
-0.002638583
-0.005073063
-0.011519065
-0.003019561
0.002084701
-0.00083268
-0.00318932
-0.00147183
0.003356882
0.000522177
0.001354729
-0.002556676
0.000261576
-0.003360129
-0.001055394
-0.000740305
-0.000582555
0.002904991
0.012709435
-0.006282292
0.001759956
0.00051628
-0.003106925
-0.002083701
-0.000888609
0.004165926
-0.00369526
-0.009137819
0.000266815
-0.002997731
0.000322177
-0.001021048
0.001611086
0.003257558
-0.001759251
0.003405414
-0.003779506
-0.006789357
-0.002505343
0.001853167
0.00513644
-0.002155312
0.004994724
-0.00477871
0.003495238
-0.001287276
0.000322177
-0.001074854
-0.001131467
0.004561677
-0.006183189
-0.000541852
0.002864144
-0.00210574
-0.001844141
0.000217365
0.000108642
0.000217202
0.001571471
0.004573545
-0.000642765
0.002938223
0.001912493
0.005006788
0.002612148
-0.002664552
0.002247663
0.001457365
0.001193474
0.003303813
-0.006476328
0.00083438
-0.001461218
-0.003411188
0.003672481
0.000365546
-0.003827332
0.003095932
0.002034414
0.003730986
-0.001861487
-0.006947188
-0.002005495
-0.005001119
-0.002199507
0.006565383
-0.001804918
0.008794138
-0.007625394
0.000848025
-0.001910389
0.002386677
0.002951885
0.003557667
0.002752818
-0.008047559
-0.000580572
0.00100232
0.001472899
-0.00142021
0.004455417
-0.002038577
0.001777755
-0.001725364
-0.0023112
-0.000368828
0.002627637
-0.003841709
-0.004730171
-0.003272042
-0.002050854
-0.001408817
-0.001032418
-0.000272097
0.001955306
0.003293193
-0.003184822
-0.001410929
0.004272936
-0.006343344
-0.002519561
0.003828335
-0.003334226
-0.011791021
0.003369688
-0.003426072
-0.000507782
0.004381177
0.004724566
-0.003385355
-0.001562814
0.001785615
0.001722842
-0.006200721
-0.000506663
0.000281552
-0.002937105
-0.000396901
0.005803827
-0.004331449
0.006731643
-0.001393847
0.001783324
-0.009388389
0.00141843
-0.001134373
-0.005659199
-0.007193928
-0.003937207
0.000766732
0.003287457
0.010458471
-0.003381525
-0.003582069
0.006506622
-0.000571892
-0.000343497
0.001828852
0.004595151
0.002532008
-0.007184195
0.001025489
5.69007E-05
-0.002396271
-0.00223701
-0.001094014
0.000345776
0.002011557
-0.001493409
0.006850213
0.002259602
0.01117987
0.001534805
0.002890399
-0.003383138
-0.001811507
-0.001542984
0.003901944
0.002726962
0.002385644
0.005800705
-0.00096142
-0.001338846
0.002353615
-0.002997731
-0.00307266
-0.004786861
0.006837715
0.001451323
0.007184743
-0.000369635
0.001371346
0.002468036
-0.003680929
-0.001958311
0.008145395
-0.009526808
-0.002133867
0.004204342
0.002640096
-0.002163693
-0.000529369
-0.000264927
-0.000371169
-0.001168601
0.007644835
-0.00094173
0.001150727
0.004469266
0.000981223
0
0.002622901
0.007018848
0.003166928
0.0012004
0.014103464
0.000193364
0.002986178
0.005153192
-0.000332156
0.001610957
-0.001373676
-0.003716421
0.003526607
0.003921741
-0.002500154
-0.000568077
-0.001280896
0.005617278
0.000702932
-0.000749834
-0.00079812
-0.003112559
0.001464738
0.00571695
-0.000838766
0.001675916
0.001576893
-0.002600295
-0.000792466
0.002048124
-0.000790176
-0.008930612
-0.000475158
0.00080746
0.001894004
-0.003177143
0.010625184
0.004481828
-0.001657966
0.000507273
-0.001708641
-0.001019145
0.002220513
0.002988962
0.002695362
-0.000273342
0.00063753
0.002540802
0
-0.000407342
-0.002998907
0.001865392
0.006935888
-0.001028869
0.000805409
0.000536111
0.00461878
-0.003949571
0.006548166
0.005107608
-0.005151523
-0.001055287
0.003027066
0.006422537
-0.003459843
-0.002482063
-0.014565171
0.004224338
-0.000134186
0.001429189
0.0004902
-0.000267313
0.004830714
0.003642732
-0.000962571
-0.000657524
0.000745119
0.005266878
-0.002299122
-0.001350433
0.000348901
-0.004689909
0.000132185
-0.001279479
0.004002337
-0.001227564
0.000307217
0.001576547
-0.001138043
-0.002593598
-0.003408332
-0.003659305
-0.013425585
-0.00474034
-0.003142148
-0.006496637
0.004326104
0.009312851
0.000647717
-0.004367607
0.001305589
0.003847236
-0.006509192
0.004891018
-0.001438293
-0.000930465
0.003432809
0.002350159
0.003934434
-0.000774916
-0.000730598
-0.000137124
-0.001236068
-0.002160102
0.001425954
-0.001425954
0.00435513
0.004040823
0.000496827
0.001397099
0.00044972
-0.000719776
-0.005892824
0.002321341
-0.003372293
0.005681292
0.004223901
-0.010500336
-0.002342702
0.001333674
0.002883255
0.014709572
0.012902721
-0.002403692
0.001160584
0.004441638
0.004060042
-0.004017554
0.002457238
0.000675419
0.0008428
0.000546944
0.004559015
0.001246421
0.005360201
-0.001683394
-0.003054936
0.004287327
-0.0023033
0.010913928
-0.003837441
-0.001381681
-0.004582762
-0.006757164
0.005108673
0.003003802
0.004162599
-0.001342362
-0.000244512
-0.001265511
-0.00159735
-0.014307465
-0.002594588
0.005384498
0.000631579
-0.003718442
0.003297492
0.003063597
0.005154891
0.000990692
0.004797524
-0.002043743
0.002451339
-0.008890342
0.002735853
0.000949368
0.000412122
0.002136755
-0.002878857
-0.000991446
0.006445057
0.005949055
0.003921241
-0.000239061
-0.001357171
0.001874971
0.000715936
-0.002710861
0.004218416
0.004373914
0.001213715
0.018297653
-0.003953807
0.005898636
-0.000784364
0.007155908
-0.005812151
-0.003404781
-0.004151626
-0.014929921
0.005421682
0.004588407
-0.005170233
0.007694319
-0.001374955
-0.002109067
-0.00873627
0.007427342
0.000269808
-0.002550589
-0.003189924
-0.006054901
0.00476451
-0.006629374
-0.000716329
0.003806842
0.005687388
0.006919788
0.000766357
-0.005548195
0.00985289
0.00302198
0.004940747
0.005547093
-0.001140605
-0.000958952
-0.007711225
0.00093861
0.005774535
-0.005025105
-0.000187236
-0.003082248
-0.002307165
0.007928936
0.000148922
0.000706684
-0.000297411
-0.001975509
0.000970241
0.00293481
0.001515348
0.000331931
0.004511143
-0.002451477
-0.007251976
-0.002657159
0.002283894
0.00545496
0.00195007
0.001173175
-0.002091928
-0.000883835
0.000810251
0.005738773
-0.014097634
-0.003691657
-0.009639484
0.004195743
0.004989538
-0.006601449
-0.000538636
0.00352744
0.004066849
-0.002580125
0.007545264
-0.009337587
0.003577279
-0.004533665
-0.000881739
-0.008095445
-0.019879557
-0.024671933
0.00516767
0.016052572
-0.007616111
0.000671244
0.004960085
-0.010783964
0.005068657
-0.005068657
0.007706208
-0.008769665
0.007850435
0.014560099
0.000525511
-0.009475298
0.00267563
0.003270613
0.006187269
0.006139949
-0.003338298
0.002109292
-0.009634435
0.005966453
-0.001162663
-0.009784473
-0.005121554
0.007333168
0.003377524
0.006836891
0.00873003
0.002340165
-0.000350222
-0.007697951
0.001937318
-0.007922178
-0.013920494
0.000870288
-0.015895481
-0.004662914
-0.010811775
0.003192378
0.007054729
-0.009891238
0.022780785
-0.004666229
-0.000853818
-0.00227077
0.009769383
-0.009254206
0.020449051
0.003302946
-0.009818928
0.001907167
0.004608815
-0.001845883
0.005960518
0.00791511
-0.004602952
-0.011870163
-0.005954181
-0.00527242
0.003928764
0.007793796
0.005703954
0.007637476
-0.009271239
0.000122746
-0.004771611
0.01163085
-0.003720583
0.004605585
0.008003269
0.016641671
0.007826694
-0.004573536
-0.00523207
0.001408997
0.005590717
-0.00120272
-0.01093845
0.005446492
0.000266731
0.0093457
0.002156973
-0.004324713
-0.002555344
0.001204388
0.010618431
-0.005425292
0.005131775
0.002671014
-0.003994299
-0.003919919
-0.00519448
-0.003586267
0.002155312
0.00506242
-0.006308928
0.004553144
-0.000974343
0.002058538
-0.000149383
0.001863608
0.007412041
-0.010285332
0.004765968
-0.000407527
0.01206248
0.009308577
0.004632893
-0.000174591
-0.002381429
-0.00024589
0.002068156
-0.00389914
-0.004932596
0.00412027
-0.007667891
0.010346336
-0.001513407
-0.004073588
0.002802482
0.004642648
0.002720235
-0.003000199
0.004111282
0.004622032
0.003213213
0.003189614
-0.002169104
-0.004542621
-0.004521245
-0.005446208
0.003777714
-0.001744858
0.010775034
0.007507263
0.000569567
-0.000938508
-0.007001901
0.001633712
-0.000986299
0.003121261
-0.012100223
0.003186226
0.000275962
-0.009376761
0.002109083
0.007991244
0.001923636
-0.005553581
-0.003275606
0.002997791
-0.007993376
0.002540154
0
0.003922054
-0.012196609
-0.003889553
-0.00553388
0.002702935
-0.000619458
0.00160149
0.007063026
0.008424919
-0.01237471
0.009913713
-0.003753404
-0.002067564
0.005891476
0.009552981
0.001995494
0.011416534
-0.00413217
0.004499805
-0.001606517
0.001606517
-0.004938845
-0.007773121
0.004823453
0.004063287
-0.002976021
-0.004571204
0.003143609
0.004437318
0.000976208
-0.000370027
-0.000808429
-0.007515875
-0.004760006
0.002006942
0.003917853
-0.001988877
-0.006126431
-0.007134434
-0.000177212
0.001698262
0.006796938
-0.007256229
-0.001274422
0.003108677
0.004203561
-0.010050705
-0.012009241
-0.000256816
-0.012433725
-0.002537637
0.011100783
-0.008412113
0.011180328
0.004247055
-0.000838794
-0.014022683
0.003230367
-0.017487144
0.01399278
0.013848405
-0.009755685
-0.003188254
0.004121538
0.013402381
-0.0025021
-0.018423325
0.009383618
-0.02613172
-0.02179307
-0.005424058
-0.012004199
-0.021999339
-0.02379652
-0.007498448
-0.006142882
0.021530897
0.006497827
-0.025364332
0.015604495
-0.003525833
0.008198503
-0.017482372
-0.026500031
0.003878809
-0.011900654
-0.012944131
0.039674436
0.004553848
0.012090817
0.010783429
-0.001356806
0.003360851
-0.016393993
-0.023768231
0.005675146
-0.012253155
-0.005891126
-0.016039285
0.023687436
-0.0204859
-0.015688155
0.014334452
-0.022881938
-0.024880754
0.018604463
0.028126585
0.004111951
0.005458184
-0.000372397
-0.025763819
0.016294188
0.004491529
-0.017746713
0.017315811
0.022421872
-0.011250036
0.000891937
-0.012117666
0.008644554
0.003001138
0.018640787
-0.002824034
-0.009410423
-0.0024888
-0.008029599
-0.007425845
-0.000431276
0.004347006
-0.000427403
0.012123085
0.003159273
0.016256609
-0.002742554
0.011891111
-0.007065844
-0.003028184
-0.012533454
0.005148085
-0.001878857
-0.011081514
0.00482814
0.004110721
-0.015302072
0.047333303
-0.006461054
-0.002805655
0.010120966
0.000284379
0.014720098
-0.01071127
-0.004056212
-0.003425278
0.012011513
-0.003030353
-0.00196938
0.017185148
0.003060961
-0.016223102
0.008712457
-0.000410939
-0.005655495
-0.014924383
0.00400494
-0.012420263
-0.000684236
-0.022176007
0.010325693
-0.002520579
0.015250427
0.014685831
-0.014295498
-0.006287825
0.00842841
-0.009865734
-0.008370872
-0.011955462
0.019182995
0.00676631
0.008636685
-0.000192208
0.004113846
0.007972392
-0.004510727
0.003340562
-0.000703615
0.028172471
-0.001807634
-0.001549078
0.003664581
-0.020848697
0.001703389
0.010755243
0.003215357
0.01405238
0.005989184
-0.002813184
-0.012185588
0.010600492
0.002183357
-0.007538154
-0.002964777
-0.001841348
0.011189752
-0.000685616
-0.003617347
0.008054622
0.00101758
-0.004812058
-0.00577631
-0.000564498
0.008561831
0.008855714
-0.003478565
0.005851424
0.006510419
-0.001392758
-0.005076147
-0.008509686
-0.004681777
0.005992122
0.004367338
-0.007076924
-0.005169471
0.001373129
0.013539191
0.003844986
-0.006051538
-0.005164485
-0.003946037
0.013140452
-0.008730041
0.007363227
0.006546346
0.008457528
-0.006215845
-0.001384401
-0.000653013
0.003700991
0.001011258
0.002618302
0.00084255
0.004188406
-0.004749925
-0.002374409
-0.001212324
-0.001296886
-0.002727964
-0.001800866
-0.005655547
-0.000332538
-0.001207589
0.007892348
-0.001558818
0.000615992
-0.005825107
0.001743323
-0.013077968
-0.000341662
-0.006283006
0.00211883
0.005997455
-0.005350894
0.011853821
-0.001553528
0.016385743
0.013636364
0.018368903
0.003821127
0.002232116
-0.0054892
0.005563407
0.002146496
-3.69188E-05
-0.00129414
-7.40674E-05
0.002216547
0.000257862
0.007267321
-0.00116044
-0.004122791
-0.004014283
0.007155535
-0.002298922
-0.003342297
0.005495617
0.001054511
-0.003683729
-0.006308938
0.002852215
0.003456723
0.001389627
0.003454737
-0.002105938
-0.001787148
0.002332767
-0.000145431
-0.004422477
-0.000624964
-0.005032352
-0.002238829
0.000896917
0.004198268
-0.001110633
-0.001485277
0.003371667
0.001400238
0.003042805
0.001713627
0.008896172
0.00021385
0.000818786
-0.001924815
0.000142872
-0.002830457
0.000431133
0.000502448
-0.006322772
-0.001896645
0.002914495
-0.006253685
0.004106141
0.002655576
0.005764259
0.005087848
-0.001736684
0.012738258
0.003811282
-6.83767E-05
0.004523765
-0.001253767
-0.022065694
0.005040499
-0.000847818
-0.006950571
0.006490644
-0.008326987
-0.000903012
0.001948159
0.003048952
0.00486958
-0.008062541
-0.000180078
0.002156025
0.000465731
0.006433057
0.001373738
0.008738754
0.003125299
0.000957123
-0.003187182
0.002640513
